022012280100200010000000026042012201200005002544000000010000000000000000000000000                      00                                                            00000000000000000000000000000000000000000000000000000          000000000000000000000000000000000000000000000000000000000000             0000         
022012280100400010000000026042012201200005002544000000135000000000000000000000000                      00                                                            00000000000000000000000000000000000000000000000000000          000000000000000000000000000000000000000000000000000000000000             0000         
022012280100900010000000026042012201200005002544000000001000000000000000000000000                      00                                                            00000000000000000000000000000000000000000000000000000          000000000000000000000000000000000000000000000000000000000000             0000         
022012280100100010000000026042012201200005002544000000010000000000000000000000000                      00                                                            00000000000000000000000000000000000000000000000000000          000000000000000000000000000000000000000000000000000000000000             0000         
022012280100300010000000026042012201200005002544000001000000000000000000000000000                      00                                                            00000000000000000000000000000000000000000000000000000          000000000000000000000000000000000000000000000000000000000000             0000         
022012280100800010000000026042012201200005002544000000081000000000000000000000000                      00                                                            00000000000000000000000000000000000000000000000000000          000000000000000000000000000000000000000000000000000000000000             0000         
022012280100700010000000026042012201200005002544000000500000000000000000000000000                      00                                                            00000000000000000000000000000000000000000000000000000          000000000000000000000000000000000000000000000000000000000000             0000         
022012280100500010000000026042012201200005002544000000300000000000000000000000000                      00                                                            00000000000000000000000000000000000000000000000000000          000000000000000000000000000000000000000000000000000000000000             0000         
022012280101000010000000026042012201200005002544000000001000000000000000000000000                      00                                                            00000000000000000000000000000000000000000000000000000          000000000000000000000000000000000000000000000000000000000000             0000         
022012280100600010000000026042012201200005002544000000075000000000000000000000000                      00                                                            00000000000000000000000000000000000000000000000000000          000000000000000000000000000000000000000000000000000000000000             0000         
142012280100200010000000016042012201200005002544000000010000000000000000000000000                      00                                                            00000000000000000000000000000000000000000000000000000          000000000000000000000000000000000000000000000000000000000000             0000         
142012280100800010000000016042012201200005002544000000081000000000000000000000000                      00                                                            00000000000000000000000000000000000000000000000000000          000000000000000000000000000000000000000000000000000000000000             0000         
142012280100600010000000016042012201200005002544000000075000000000000000000000000                      00                                                            00000000000000000000000000000000000000000000000000000          000000000000000000000000000000000000000000000000000000000000             0000         
142012280100500010000000016042012201200005002544000000300000000000000000000000000                      00                                                            00000000000000000000000000000000000000000000000000000          000000000000000000000000000000000000000000000000000000000000             0000         
142012280101000010000000016042012201200005002544000000001000000000000000000000000                      00                                                            00000000000000000000000000000000000000000000000000000          000000000000000000000000000000000000000000000000000000000000             0000         
142012280100900010000000016042012201200005002544000000001000000000000000000000000                      00                                                            00000000000000000000000000000000000000000000000000000          000000000000000000000000000000000000000000000000000000000000             0000         
142012280100700010000000016042012201200005002544000000500000000000000000000000000                      00                                                            00000000000000000000000000000000000000000000000000000          000000000000000000000000000000000000000000000000000000000000             0000         
142012280100400010000000016042012201200005002544000000135000000000000000000000000                      00                                                            00000000000000000000000000000000000000000000000000000          000000000000000000000000000000000000000000000000000000000000             0000         
142012280100100010000000016042012201200005002544000000010000000000000000000000000                      00                                                            00000000000000000000000000000000000000000000000000000          000000000000000000000000000000000000000000000000000000000000             0000         
142012280100300010000000016042012201200005002544000001000000000000000000000000000                      00                                                            00000000000000000000000000000000000000000000000000000          000000000000000000000000000000000000000000000000000000000000             0000         
322012280100700000000000011012012               000000500000000000000000000000000                      03                                                            00000000000000000000000000000000000000000000000000000      7539110120120017544103011026217200000000000000000000000000000000               00         
322012280100800000000000011012012               000000081000000000000000000000000                      04                                                            00000000000000000000000000000000000000000000000000000      7539110120120017544103011026217200000000000000000000000000000000               00         
322012280100300000000000011012012               000001000000000000000000000000000                      03                                                            00000000000000000000000000000000000000000000000000000      7539110120120017544103011016216500000000000000000000000000000000               00         
322012280100500000000000011012012               000000300000000000000000000000000                      03                                                            00000000000000000000000000000000000000000000000000000      7539110120120017544103011024225400000000000000000000000000000000               00         
322012280100600000000000011012012               000000075000000000000000000000000                      04                                                            00000000000000000000000000000000000000000000000000000      7539110120120017544103011024225400000000000000000000000000000000               00         
322012280101000000000000011012012               000000001000000000000000000000000                      04                                                            00000000000000000000000000000000000000000000000000000      7539110120120017544103011040224000000000000000000000000000000000               00         
322012280100100000000000011012012               000000010000000000000000000000000                      03                                                            00000000000000000000000000000000000000000000000000000      7539110120120017544101224001400100000000000000000000000000000000               00         
322012280100200000000000011012012               000000010000000000000000000000000                      04                                                            00000000000000000000000000000000000000000000000000000      7539110120120017544101224001400100000000000000000000000000000000               00         
322012280100400000000000011012012               000000135000000000000000000000000                      04                                                            00000000000000000000000000000000000000000000000000000      7539110120120017544103011016216500000000000000000000000000000000               00         
322012280100900000000000011012012               000000001000000000000000000000000                      03                                                            00000000000000000000000000000000000000000000000000000      7539110120120017544103011040224000000000000000000000000000000000               00         
